11
VerticalWall
    1.3     0.5     0.5 
      0      45       0 
    101       0     536 
      0       0       0 
      0       0       0 
      0       0       0 
VerticalWall
      2     0.5     0.9 
      0     -45       0 
   -670       0     443 
      0       0       0 
      0       0       0 
      0       0       0 
VerticalWall
    1.7     0.5     0.9 
      0     -45       0 
  -1336       0    -253 
      0       0       0 
      0       0       0 
      0       0       0 
VerticalWall
    1.2     0.5     0.9 
      0      45       0 
  -1434       0    -827 
      0       0       0 
      0       0       0 
      0       0       0 
VerticalWall
    1.1     0.5     0.9 
      0     -45       0 
  -1483       0   -1307 
      0       0       0 
      0       0       0 
      0       0       0 
VerticalWall
    1.1     0.5     0.9 
      0       0       0 
  -1985       0   -1504 
      0       0       0 
      0       0       0 
      0       0       0 
VerticalWall
    1.2     0.5     0.9 
      0     -45       0 
  -2569       0   -1784 
      0       0       0 
      0       0       0 
      0       0       0 
VerticalWall
    1.2     0.5     0.9 
      0     -90       0 
  -2826       0   -2341 
      0       0       0 
      0       0       0 
      0       0       0 
VerticalWall
    1.2     0.5     0.9 
      0      45       0 
  -2490       0   -2876 
      0       0       0 
      0       0       0 
      0       0       0 
VerticalWall
    1.3     0.5     0.9 
      0      45       0 
    884       0    -227 
      0       0       0 
      0       0       0 
      0       0       0 
VerticalWall
    0.8     0.5     0.9 
      0     -45       0 
    489       0     500 
      0       0       0 
      0       0       0 
      0       0       0 
