6
Lantern
      1       1       1 
      0       0       0 
      0       0       0 
   4500     100     100 
      0     -45       0 
    829       0   -2255 
Lantern
      1       1       1 
      0       0       0 
      0       0       0 
   1500     100     100 
      0      45       0 
   1540       0    -690 
Lantern
      1       1       1 
      0       0       0 
      0       0       0 
    850     100     100 
      0     -45       0 
    774       0    -425 
Lantern
      1       1       1 
      0       0       0 
      0       0       0 
   1450     100     100 
      0     -45       0 
   -285       0   -1485 
Lantern
      1       1       1 
      0       0       0 
      0       0       0 
    680     100     100 
      0     -45       0 
  -1258       0   -2480 
Lantern
      1       1       1 
      0       0       0 
      0       0       0 
   1500     100     100 
      0      45       0 
  -1130       0   -3184 
