13
woodDoor
      1       1       1 
      0       0       0 
      0       0       0 
    200     100     100 
      0      20       0 
   -850     100     292 
woodDoor
      1       1       1 
      0       0       0 
      0       0       0 
    200     100     100 
      0      20       0 
   -995     100      23 
woodDoor
      1       1       1 
      0       0       0 
      0       0       0 
    200     100     100 
      0      20       0 
  -1130     100    -209 
woodDoor
      1       1       1 
      0       0       0 
      0       0       0 
    200     100     100 
      0       0       0 
   -330     100     217 
woodDoor
      1       1       1 
      0       0       0 
      0       0       0 
    200     100     100 
      0       0       0 
   -317     100     -96 
woodDoor
      1       1       1 
      0       0       0 
      0       0       0 
    250     100     100 
      0       0       0 
   -294     100    -420 
woodDoor
      1       1       1 
      0       0       0 
      0       0       0 
    200     100     100 
      0     -45       0 
     81     100     318 
woodDoor
      1       1       1 
      0       0       0 
      0       0       0 
    250     100     100 
      0     -35       0 
    300     100     100 
woodDoor
      1       1       1 
      0       0       0 
      0       0       0 
    250     100     100 
      0     -35       0 
    469     100    -170 
woodDoor
      1       1       1 
      0       0       0 
      0       0       0 
    600     100     100 
      0       0       0 
   -342     100     558 
woodDoor
      1       1       1 
      0       0       0 
      0       0       0 
    450     100     130 
      0       0       0 
   -215     100    -738 
woodDoor
      1       1       1 
      0       0       0 
      0       0       0 
   1500     100     100 
      0      45       0 
    410     100     590 
woodDoor
      1       1       1 
      0       0       0 
      0       0       0 
   1500     100     100 
      0     -45       0 
  -1170     100     550 
