13
Lantern
      1       1       1 
      0       0       0 
      0       0       0 
   2000     100     100 
      0     -45       0 
   1500       0   -1900 
Lantern
      1       1       1 
      0       0       0 
      0       0       0 
   5000     100     100 
      0      45       0 
   -706       0   -1000 
Lantern
      1       1       1 
      0       0       0 
      0       0       0 
    630     100     100 
      0     -45       0 
  -1950       0     800 
Lantern
      1       1       1 
      0       0       0 
      0       0       0 
    800     100     100 
      0     -45       0 
  -1200       0    1530 
Lantern
      1       1       1 
      0       0       0 
      0       0       0 
   2000     100     100 
      0      45       0 
   -192       0    1080 
Lantern
      1       1       1 
      0       0       0 
      0       0       0 
   2000     100     100 
      0      45       0 
   1450       0    -520 
VerticalWall
    3.4     1.5       1 
      0      45       0 
   1481       0    -550 
      0       0       0 
      0       0       0 
      0       0       0 
VerticalWall
      3     0.3       7 
      0     135       0 
   1705       0   -2204 
      0       0       0 
      0       0       0 
      0       0       0 
VerticalWall
    3.3     1.5       1 
      0      45       0 
   -180       0    1032 
      0       0       0 
      0       0       0 
      0       0       0 
VerticalWall
    1.3     1.5     1.2 
      0     -45       0 
  -1259       0    1514 
      0       0       0 
      0       0       0 
      0       0       0 
VerticalWall
    1.1     1.5     1.2 
     -1     -45       0 
  -1970       0     742 
      0       0       0 
      0       0       0 
      0       0       0 
Wall-AttachedLantern
    0.3     0.3     0.3 
      0      45       0 
   1490     300    -650 
      0       0       0 
      0       0       0 
      0       0       0 
Wall-AttachedLantern
    0.3     0.3     0.3 
      0      45       0 
   -280     300    1030 
      0       0       0 
      0       0       0 
      0       0       0 
