6
Lantern
      1       1       1 
      0       0       0 
      0       0       0 
   3000     100     100 
      0     -45       0 
  -1000       0    -318 
Lantern
      1       1       1 
      0       0       0 
      0       0       0 
    700     100     100 
      0      45       0 
    103       0     135 
Lantern
      1       1       1 
      0       0       0 
      0       0       0 
    700     100     100 
      0      45       0 
    851       0    -631 
Lantern
      1       1       1 
      0       0       0 
      0       0       0 
    700     100     100 
      0      45       0 
  -1500       0   -1230 
Lantern
      1       1       1 
      0       0       0 
      0       0       0 
    700     100     100 
      0      45       0 
   -580       0   -2200 
Lantern
      1       1       1 
      0       0       0 
      0       0       0 
   3000     100     100 
      0     -45       0 
    423       0   -1700 
